          Mom   
192701   0.44
192702  -2.00
192703   3.59
192704   4.19
192705   3.18
192706   0.52
192707   4.33
192708   1.12
192709   1.93
192710  -1.11
192711  -0.62
192712   3.19
192801  -0.60
192802  -1.01
192803   4.79
192804  -5.66
192805   2.75
192806   2.05
192807   2.75
192808   3.62
192809   3.63
192810   5.05
192811   1.98
192812   1.71
192901   2.44
192902   2.89
192903  -1.05
192904   1.93
192905  -1.96
192906   8.61
192907   2.83
192908   4.59
192909   3.04
192910   4.09
192911  -2.39
192912   5.14
193001  -5.17
193002   0.45
193003  -4.18
193004   3.91
193005  -0.33
193006   6.61
193007  -2.16
193008   3.95
193009  11.45
193010   7.01
193011  -1.17
193012  13.29
193101 -10.94
193102 -14.37
193103   9.55
193104  11.43
193105   9.03
193106 -17.85
193107   8.05
193108  -3.49
193109  10.19
193110   3.28
193111   7.61
193112  14.17
193201 -10.31
193202   1.62
193203  10.34
193204   6.78
193205  12.21
193206   2.11
193207 -43.93
193208 -52.26
193209   2.44
193210   4.29
193211  -1.79
193212   5.08
193301  -1.48
193302   4.19
193303   2.35
193304 -16.16
193305  -4.00
193306   3.54
193307   0.41
193308   7.51
193309   1.65
193310  -2.28
193311   6.35
193312   3.96
193401  -3.10
193402  -0.24
193403  -0.86
193404  -5.12
193405  -2.83
193406  -0.96
193407   8.73
193408   2.38
193409  -0.10
193410   6.91
193411   4.22
193412   4.63
193501   3.60
193502  13.75
193503   2.20
193504  -4.82
193505  -3.68
193506   2.07
193507  -4.21
193508  -7.69
193509   8.93
193510   2.09
193511  -5.91
193512   3.75
193601  -3.36
193602   2.57
193603   1.73
193604  -7.83
193605   2.37
193606   0.45
193607   2.90
193608   0.61
193609   1.27
193610   0.99
193611   2.11
193612   2.11
193701  -1.85
193702   2.98
193703   2.81
193704  -3.71
193705   0.51
193706   0.68
193707  -0.40
193708  -1.79
193709  -7.14
193710  -1.56
193711  -0.97
193712   4.70
193801  -1.44
193802  -3.08
193803  15.75
193804  -8.88
193805   7.14
193806 -24.86
193807  -6.44
193808   3.95
193809   2.54
193810  -7.70
193811   3.13
193812   2.05
193901  -3.06
193902   3.25
193903  -1.48
193904   2.70
193905   3.56
193906   1.96
193907  -0.57
193908   5.90
193909 -30.35
193910   6.48
193911  -0.22
193912   5.40
194001   1.74
194002   1.81
194003  -0.10
194004   3.32
194005   2.86
194006  -2.22
194007   0.84
194008  -1.56
194009  -0.30
194010  -6.53
194011   1.34
194012   3.46
194101  -4.72
194102   0.91
194103   2.43
194104   3.03
194105   2.46
194106  -0.65
194107  -1.76
194108   0.17
194109  -1.57
194110   4.74
194111   4.04
194112   0.28
194201  -3.58
194202  -0.72
194203  -0.21
194204  -0.79
194205  -4.71
194206  -1.32
194207   0.77
194208  -0.13
194209  -0.64
194210  -4.02
194211  -0.97
194212   3.06
194301  -0.36
194302  -1.46
194303   4.74
194304   6.18
194305   5.61
194306  -1.30
194307  -4.59
194308   0.71
194309   1.78
194310  -0.52
194311  -4.72
194312   5.99
194401   0.97
194402   0.34
194403   2.61
194404   0.52
194405   2.07
194406  -5.20
194407   0.19
194408   4.68
194409  -1.08
194410  -1.28
194411   1.28
194412   3.26
194501   0.02
194502   3.01
194503  -3.25
194504   4.79
194505   0.10
194506   4.11
194507  -2.62
194508  -1.40
194509   1.39
194510   0.25
194511   4.20
194512   1.23
194601   3.76
194602  -1.45
194603   2.69
194604   3.05
194605  -0.61
194606  -2.52
194607  -0.10
194608  -0.03
194609   0.74
194610   0.97
194611   0.23
194612  -0.10
194701  -6.44
194702  -0.49
194703   4.06
194704   5.05
194705   3.34
194706  -1.85
194707  -3.42
194708   3.38
194709  -0.02
194710   1.34
194711   4.23
194712   3.60
194801  -4.29
194802   1.47
194803  -0.19
194804   4.06
194805   2.38
194806   3.99
194807  -1.58
194808   0.23
194809  -1.26
194810   2.79
194811   0.60
194812   4.66
194901  -2.92
194902  -0.41
194903  -0.87
194904   3.06
194905   3.04
194906  -1.28
194907  -1.54
194908   1.70
194909  -1.42
194910   0.00
194911   1.27
194912  -0.78
195001  -2.32
195002   1.36
195003   1.53
195004   0.33
195005   0.38
195006  -1.66
195007  -0.47
195008   3.20
195009  -0.13
195010   1.42
195011   3.59
195012   4.97
195101   2.00
195102  -1.58
195103  -2.95
195104   6.02
195105  -0.93
195106  -2.39
195107   7.24
195108   1.00
195109   0.56
195110  -0.31
195111   0.63
195112   1.70
195201   1.37
195202  -0.75
195203   1.65
195204  -2.04
195205   0.49
195206   1.50
195207  -0.52
195208   0.31
195209   1.76
195210   2.75
195211   0.44
195212   1.51
195301   0.72
195302   0.86
195303   0.08
195304   1.85
195305   0.94
195306  -0.01
195307  -0.31
195308   2.21
195309   2.88
195310   0.27
195311   1.95
195312   5.19
195401  -5.74
195402   1.03
195403   2.20
195404   4.98
195405  -1.99
195406   3.52
195407   0.44
195408  -0.64
195409   1.54
195410   0.96
195411   1.93
195412  -1.41
195501   1.36
195502   1.09
195503   1.03
195504   0.09
195505   0.56
195506   4.66
195507  -1.23
195508   1.79
195509   1.77
195510  -0.50
195511   2.67
195512  -1.33
195601  -1.48
195602   1.97
195603   3.59
195604   2.57
195605  -1.62
195606   2.71
195607   2.52
195608  -0.69
195609  -0.76
195610   2.46
195611   3.41
195612   3.81
195701  -3.05
195702   0.31
195703  -0.18
195704   0.96
195705   0.44
195706   0.77
195707  -0.07
195708   0.49
195709   0.62
195710   1.94
195711   1.24
195712   7.79
195801  -7.63
195802   3.75
195803  -1.85
195804   1.85
195805  -1.82
195806  -0.87
195807  -3.62
195808   0.28
195809  -1.13
195810   3.12
195811   1.57
195812  -0.65
195901  -0.24
195902   3.40
195903   0.13
195904   3.15
195905   1.50
195906   2.91
195907  -0.32
195908  -0.95
195909   0.85
195910   3.48
195911   2.26
195912   0.99
196001  -3.49
196002   3.86
196003   1.43
196004   2.81
196005   4.81
196006   0.86
196007  -0.78
196008   1.92
196009   0.30
196010   1.24
196011   3.69
196012   1.36
196101  -3.97
196102   1.03
196103   4.18
196104   3.52
196105  -1.50
196106   0.26
196107   0.27
196108   1.61
196109   0.76
196110   3.09
196111   1.35
196112  -2.25
196201  -2.01
196202  -0.96
196203   1.82
196204   2.89
196205   0.34
196206   6.42
196207   0.71
196208  -0.59
196209   3.97
196210   0.72
196211  -7.15
196212   5.80
196301  -2.11
196302   2.52
196303   1.58
196304  -0.08
196305   0.37
196306   1.18
196307   0.99
196308   1.08
196309   0.13
196310   3.14
196311  -0.75
196312   1.70
196401   1.06
196402   0.25
196403   0.71
196404  -0.59
196405   2.56
196406   0.49
196407  -0.32
196408  -0.20
196409  -0.39
196410   0.13
196411   1.10
196412  -0.71
196501  -1.31
196502   0.28
196503   0.09
196504   2.54
196505   0.54
196506  -3.13
196507   4.09
196508   2.58
196509   3.32
196510   3.44
196511   4.41
196512   0.15
196601   5.42
196602   4.54
196603   1.35
196604   6.21
196605  -4.72
196606   3.31
196607  -1.41
196608  -2.09
196609  -1.77
196610  -5.13
196611   5.73
196612   1.07
196701  -6.75
196702   3.56
196703   1.43
196704   0.62
196705   0.59
196706   6.04
196707  -1.09
196708  -1.41
196709   2.55
196710   3.66
196711   1.29
196712   3.23
196801  -4.64
196802  -3.40
196803   3.18
196804   5.15
196805   3.73
196806  -1.92
196807  -0.85
196808   1.88
196809  -0.66
196810  -1.52
196811   1.73
196812   0.10
196901  -0.15
196902  -2.49
196903   3.95
196904   1.17
196905   1.68
196906  -2.23
196907   1.64
196908   2.13
196909   2.53
196910  -4.33
196911   3.60
196912   5.04
197001   0.63
197002   0.12
197003  -0.28
197004  -0.73
197005  -2.68
197006   5.78
197007  -2.94
197008  -6.49
197009  -8.92
197010   9.61
197011   2.88
197012  -2.21
197101  -6.59
197102   0.81
197103  -1.22
197104   1.31
197105   0.88
197106   2.70
197107  -2.36
197108   3.51
197109   2.09
197110   0.46
197111   1.47
197112  -0.68
197201   0.24
197202   2.70
197203   2.91
197204   2.90
197205   3.18
197206   1.93
197207   2.75
197208  -5.34
197209   1.75
197210   0.75
197211  -5.16
197212   4.98
197301   3.72
197302   2.12
197303   3.62
197304   6.40
197305   7.08
197306   4.32
197307 -11.67
197308   3.42
197309  -7.02
197310   6.74
197311   8.63
197312  10.38
197401  -8.82
197402   0.14
197403  -0.98
197404   2.00
197405  -0.25
197406   2.38
197407   3.02
197408   3.00
197409   4.32
197410  -0.50
197411   2.17
197412   2.94
197501 -13.81
197502  -0.58
197503  -1.99
197504   1.33
197505  -0.47
197506   0.06
197507   0.43
197508  -0.13
197509   0.32
197510  -0.14
197511  -0.45
197512  -0.12
197601   4.45
197602   0.36
197603   0.19
197604   0.50
197605  -1.11
197606  -0.43
197607  -0.12
197608  -0.85
197609   0.24
197610  -0.46
197611   2.90
197612   0.77
197701   3.96
197702   0.38
197703   0.48
197704   4.24
197705   2.03
197706   1.78
197707   0.31
197708  -1.76
197709   2.06
197710  -0.12
197711   2.21
197712   1.56
197801  -0.72
197802   1.91
197803   1.37
197804   0.84
197805   2.85
197806   2.78
197807   4.23
197808   2.85
197809  -3.12
197810  -8.38
197811   5.49
197812   3.05
197901  -1.27
197902  -1.05
197903   2.89
197904   0.80
197905  -0.26
197906   0.84
197907  -1.09
197908  -0.25
197909   5.32
197910   2.15
197911   7.95
197912   4.77
198001   7.50
198002   7.86
198003  -9.58
198004  -0.42
198005  -1.12
198006   1.59
198007   0.37
198008   3.20
198009   5.43
198010   7.33
198011  15.24
198012  -6.63
198101  -7.94
198102  -1.39
198103   0.74
198104  -0.96
198105   3.75
198106  -5.91
198107  -2.52
198108  -1.12
198109   1.98
198110   4.08
198111  -0.26
198112   1.31
198201   1.71
198202   5.00
198203   2.93
198204  -0.41
198205   2.55
198206   4.99
198207   4.47
198208  -3.52
198209   4.16
198210   0.03
198211   5.90
198212   0.02
198301  -1.70
198302   3.82
198303   0.93
198304   1.81
198305  -1.58
198306   1.78
198307  -3.12
198308  -5.44
198309  -0.11
198310  -4.56
198311  -0.08
198312   0.77
198401  -2.49
198402   0.19
198403   1.10
198404   2.05
198405   1.53
198406  -0.70
198407   2.93
198408  -5.68
198409   3.70
198410   3.22
198411   1.70
198412   1.53
198501  -6.91
198502   1.82
198503   1.69
198504   3.05
198505   4.00
198506   3.63
198507  -3.94
198508   1.81
198509   1.48
198510   4.87
198511  -0.41
198512  -0.12
198601   2.96
198602   2.77
198603   2.45
198604  -0.50
198605   2.02
198606   5.14
198607   1.80
198608  -5.02
198609  -5.86
198610   2.70
198611  -0.33
198612   0.40
198701   2.08
198702  -2.17
198703   1.60
198704   0.25
198705  -0.68
198706  -0.20
198707   2.68
198708  -0.89
198709   0.72
198710  -7.87
198711  -1.13
198712   5.81
198801  -7.63
198802  -1.54
198803   0.64
198804   2.28
198805   0.65
198806  -2.92
198807   0.64
198808   0.33
198809   0.24
198810   1.31
198811   0.42
198812   0.42
198901  -0.14
198902   0.93
198903   3.56
198904   1.70
198905   1.55
198906   0.66
198907   5.40
198908  -0.14
198909   3.39
198910   1.37
198911   2.57
198912   2.78
199001  -3.32
199002  -0.52
199003   1.66
199004   2.46
199005   3.05
199006   2.42
199007   5.93
199008   1.80
199009   5.52
199010   6.73
199011  -5.61
199012   0.15
199101  -6.52
199102  -4.82
199103   2.81
199104  -2.39
199105  -0.11
199106   0.46
199107   4.32
199108   1.60
199109   1.73
199110   3.19
199111   1.26
199112   8.29
199201  -2.47
199202  -0.61
199203  -0.35
199204  -2.60
199205   0.10
199206  -0.60
199207   1.43
199208  -0.52
199209   1.44
199210   2.73
199211  -0.34
199212   4.47
199301   4.82
199302   3.13
199303   3.74
199304   0.34
199305   0.29
199306   4.59
199307   3.24
199308   2.58
199309   3.40
199310  -2.67
199311  -4.71
199312   2.29
199401   0.01
199402  -0.26
199403  -1.32
199404   0.41
199405  -2.16
199406  -0.83
199407   0.19
199408   1.54
199409   1.31
199410   1.45
199411  -0.19
199412   3.50
199501  -1.83
199502  -0.34
199503   0.36
199504   1.82
199505  -0.44
199506   2.89
199507   2.55
199508   0.09
199509   2.72
199510   4.14
199511  -0.62
199512   2.57
199601   0.56
199602   0.58
199603  -1.89
199604  -0.92
199605   1.59
199606   1.00
199607  -0.12
199608   0.00
199609   2.71
199610   3.90
199611  -2.24
199612   0.57
199701   1.95
199702  -2.03
199703   0.94
199704   4.90
199705  -5.17
199706   2.62
199707   3.83
199708  -2.51
199709   1.45
199710  -0.40
199711   0.29
199712   3.87
199801   0.08
199802  -1.10
199803   2.14
199804   0.78
199805   1.87
199806   7.27
199807   3.69
199808   1.90
199809  -0.71
199810  -5.36
199811   1.17
199812   9.04
199901   3.02
199902  -0.13
199903  -1.35
199904  -9.13
199905  -5.25
199906   4.93
199907   1.61
199908   3.01
199909   6.49
199910   5.47
199911   5.69
199912  13.19
200001   1.88
200002  18.39
200003  -6.84
200004  -8.47
200005  -9.07
200006  16.52
200007  -0.12
200008   5.68
200009   2.15
200010  -4.69
200011  -2.50
200012   6.84
200101 -24.95
200102  12.57
200103   8.38
200104  -8.13
200105   2.38
200106   0.36
200107   5.50
200108   5.60
200109  11.57
200110  -8.41
200111  -8.55
200112  -0.03
200201   3.78
200202   6.79
200203  -1.73
200204   7.92
200205   3.16
200206   6.17
200207   3.41
200208   1.76
200209   9.12
200210  -5.47
200211 -16.30
200212   9.64
200301   1.54
200302   1.23
200303   1.56
200304  -9.45
200305 -10.74
200306  -1.01
200307  -0.37
200308  -0.51
200309  -0.06
200310   3.71
200311   1.63
200312  -5.73
200401   2.62
200402  -1.11
200403   0.19
200404  -5.36
200405   1.61
200406   2.07
200407  -2.31
200408  -1.49
200409   5.25
200410  -1.53
200411   3.23
200412  -2.84
200501   3.13
200502   3.19
200503   0.55
200504  -0.86
200505   0.40
200506   2.08
200507   0.01
200508   2.25
200509   3.47
200510  -1.30
200511   0.36
200512   0.71
200601   2.79
200602  -1.78
200603   1.30
200604   0.69
200605  -3.74
200606   1.48
200607  -2.22
200608  -3.47
200609  -0.97
200610  -0.22
200611  -1.02
200612   0.82
200701   0.25
200702  -1.32
200703   2.51
200704  -0.19
200705  -0.29
200706   0.31
200707   2.78
200708   0.09
200709   4.66
200710   4.89
200711   0.89
200712   6.54
200801  -7.83
200802   6.10
200803   4.13
200804  -0.20
200805   3.22
200806  12.53
200807  -5.29
200808  -3.81
200809   0.33
200810   7.77
200811   7.19
200812  -5.03
200901  -1.90
200902   4.22
200903 -11.36
200904 -34.72
200905 -12.46
200906   5.33
200907  -5.48
200908  -8.88
200909  -4.98
200910   2.68
200911   0.38
200912   2.90
201001  -5.34
201002   3.63
201003   3.74
201004   3.14
201005  -0.21
201006  -2.97
201007   1.90
201008  -0.13
201009   1.35
201010   1.59
201011   2.51
201012  -3.19
201101  -0.23
201102   2.05
201103   3.59
201104   0.08
201105  -0.61
201106   1.76
201107   0.04
201108  -0.35
201109  -2.55
201110  -1.41
201111   3.97
201112   1.88
201201  -7.94
201202  -0.39
201203   1.45
201204   3.81
201205   6.64
201206  -1.16
201207   3.06
201208  -2.46
201209  -1.02
201210   0.10
201211   0.33
201212  -2.96
201301  -1.91
201302   1.47
201303   2.09
201304   0.35
201305  -1.88
201306   0.66
201307   1.72
201308   0.07
201309   2.99
201310   0.20
201311   0.48
201312   0.11
201401   1.72
201402   2.07
201403  -3.24
201404  -3.90
201405   0.99
201406   0.61
201407  -0.27
201408   0.74
201409   0.58
201410   0.10
201411   1.13
201412   1.06
201501   3.78
201502  -2.89
201503   3.13

